7 18
M 15 0 0 0
M 16 0 0 0
M 13 1 0 0
M 15 1 0 0
M 12 1 0 0
M 13 2 0 0
M 16 1 0 0
M 15 2 0 0
M 12 2 0 0
M 12 4 0 0
T 5 2 0 0
T 3 1 0 0
M 13 4 0 0
M 15 3 0 0
T 3 0 0 0
M 16 2 0 0
M 14 4 0 0
M 15 4 0 0
T 4 1 0 0
M 13 5 0 0
T 4 0 0 0
M 13 6 0 0
M 17 0 0 0
M 14 5 0 0
M 12 6 0 0
M 13 0 0 0
M 17 2 0 0
M 17 1 0 0
M 9 1 0 0
M 14 0 0 0
M 8 3 0 0
M 11 2 0 0
T 2 0 0 0
M 12 0 0 0
M 14 2 0 0
M 12 5 0 0
M 16 3 0 0
M 14 6 0 0
M 14 1 0 0
M 14 3 0 0
M 13 3 0 0
M 16 4 0 0
M 11 3 0 0
M 11 0 0 0
M 17 3 0 0
M 17 4 0 0
M 11 5 0 0
T 5 0 0 0
M 8 2 0 0
M 10 0 0 0
M 12 3 0 0
M 15 6 0 0
M 11 4 0 0
M 8 4 0 0
M 15 5 0 0
T 5 1 0 0
M 7 3 0 0
T 3 2 0 0
M 16 5 0 0
M 7 2 0 0
T 2 1 0 0
M 9 0 0 0
M 9 3 0 0
M 17 5 0 0
M 16 6 0 0
M 8 0 0 0
M 8 1 0 0
M 7 4 0 0
M 17 6 0 0
M 11 6 0 0
M 10 5 0 0
M 10 4 0 0
M 7 1 0 0
M 10 3 0 0
T 6 0 0 0
M 6 3 0 0
M 10 1 0 0
M 7 0 0 0
M 9 5 0 0
M 9 4 0 0
M 8 5 0 0
M 9 2 0 0
M 10 6 0 0
M 8 6 0 0
M 10 2 0 0
M 11 1 0 0
T 4 2 0 0
M 7 5 0 0
M 6 1 0 0
M 7 6 0 0
M 9 6 0 0
T 1 0 0 0
T 4 3 0 0
M 6 2 0 0
M 6 6 0 0
M 6 5 0 0
M 5 3 0 0
T 3 3 0 0
T 2 2 0 0
T 4 4 0 0
M 5 4 0 0
T 3 4 0 0
M 5 6 0 0
M 6 4 0 0
M 4 6 0 0
M 5 5 0 0
M 3 6 0 0
T 3 5 0 0
M 4 5 0 0
T 2 5 0 0
T 1 1 0 0
T 1 2 0 0
T 1 3 0 0
T 2 3 0 0
T 2 4 0 0
M 2 6 0 0
M 1 6 0 0
T 1 5 0 0
T 1 4 0 0
M 0 6 0 0
T 0 4 0 0
M 0 5 0 0
T 0 3 0 0
T 0 0 0 0
T 0 2 0 0
T 0 1 0 0
