7 18
C 13 6 1280 4
G 1 5 0 0
G 2 5 0 0
G 11 6 0 0
G 13 5 0 0
G 11 5 0 0
G 15 5 0 0
G 12 6 0 0
G 12 5 0 0
G 15 6 0 0
G 16 6 0 0
G 16 5 0 0
G 15 0 0 0
G 7 0 0 0
G 12 0 0 0
G 13 0 0 0
G 6 0 0 0
G 14 0 0 0
G 9 0 0 0
G 16 0 0 0
G 8 0 0 0
G 11 0 0 0
G 5 0 0 0
G 10 0 0 0
G 17 0 0 0
G 4 0 0 0
G 4 1 0 0
G 0 1 0 0
G 13 1 0 0
G 2 1 0 0
G 12 1 0 0
G 16 1 0 0
G 1 1 0 0
G 10 1 0 0
G 14 1 0 0
G 15 1 0 0
G 16 2 0 0
G 3 1 0 0
G 15 2 0 0
G 11 1 0 0
G 17 5 0 0
G 17 2 0 0
G 0 0 0 0
G 17 6 0 0
G 17 1 0 0
G 1 2 0 0
G 3 0 0 0
G 1 0 0 0
G 2 3 0 0
G 13 3 0 0
G 12 3 0 0
G 17 4 0 0
G 0 2 0 0
G 2 0 0 0
G 15 4 0 0
G 1 3 0 0
G 2 2 0 0
G 17 3 0 0
G 16 4 0 0
G 15 3 0 0
G 0 3 0 0
G 16 3 0 0
G 12 4 0 0
G 11 4 0 0
G 2 4 0 0
G 11 3 0 0
G 2 6 0 0
G 13 4 0 0
G 0 4 0 0
G 0 5 0 0
G 1 6 0 0
G 1 4 0 0
G 0 6 0 0
G 6 1 0 0
G 7 1 0 0
G 5 1 0 0
G 3 6 0 0
G 3 2 0 0
G 3 5 0 0
G 3 3 0 0
G 10 3 0 0
G 10 6 0 0
G 10 4 0 0
G 3 4 0 0
G 10 5 0 0
G 4 4 0 0
G 4 6 0 0
G 4 5 0 0
G 9 5 0 0
G 4 3 0 0
G 9 4 0 0
G 5 4 0 0
G 4 2 0 0
G 9 1 0 0
G 13 2 0 0
G 9 3 0 0
G 5 3 0 0
G 5 2 0 0
G 5 5 0 0
G 9 2 0 0
G 8 3 0 0
G 12 2 0 0
G 14 3 0 0
G 8 1 0 0
G 10 2 0 0
G 5 6 0 0
